-- TEST 1 --
100 25 0.1 0.2 0.1 0.2 0.3 793649103
-- TEST 2 --
1000 500 0.3 0.4 0.1 0.1 0.08 389016503
-- TEST 3 --
1000 500 0.3 0.4 0.1 0.1 0.08 864983609
-- TEST 4 --
1000 500 0.3 0.4 0.1 0.1 0.08 378502764
-- TEST 5 --
1000 500 0.3 0.4 0.1 0.1 0.08 539176408
-- TEST 6 --
10000 2000 0.4 0.2 0.05 0.15 0.1 793649103
-- TEST 7 --
10000 2000 0.4 0.2 0.05 0.15 0.1 635130926
-- TEST 8 --
10000 2000 0.4 0.2 0.05 0.15 0.1 729748201
-- TEST 9 --
10000 2000 0.4 0.2 0.05 0.15 0.1 294016390
-- TEST 10 --
10000000 1000000 0.05 0.8 0.07 0.03 0.04 793649103
