-- KOCH CURVE; scale sqrt(8); rotate 45 deg --
0 0 0.3333333333 0
0.3333333333 0 0.5 0.28867513
0.5 0.28867513 0.6666666667 0
0.6666666667 0 1 0
*
5.00000000 -2.00 7 0
*
1
-- KOCH CURVE; 4 iterations --
0 0 0.3333333333 0
0.3333333333 0 0.5 0.28867513
0.5 0.28867513 0.6666666667 0
0.6666666667 0 1 0
*
0 0 1 0
*
4
-- KOCH FLAKE; 0 iterations --
0 0 0.3333333333 0
0.3333333333 0 0.5 0.28867513
0.5 0.28867513 0.6666666667 0
0.6666666667 0 1 0
*
0 0 0.5 0.8660254
0.5 0.8660254 1 0
1 0 0 0
*
0
-- KOCH FLAKE; 1 iterations --
0 0 0.3333333333 0
0.3333333333 0 0.5 0.28867513
0.5 0.28867513 0.6666666667 0
0.6666666667 0 1 0
*
0 0 0.5 0.8660254
0.5 0.8660254 1 0
1 0 0 0
*
1
-- KOCH FLAKE; 6 iterations --
0 0 0.3333333333 0
0.3333333333 0 0.5 0.28867513
0.5 0.28867513 0.6666666667 0
0.6666666667 0 1 0
*
0 0 0.5 0.8660254
0.5 0.8660254 1 0
1 0 0 0
*
6
-- CANTOR SET: 1 iteration --
0 0 0.3333333333 0
0.6666666667 0 1 0
*
0 0 1 0
*
1
-- CANTOR SET: 4 iterations --
0 0 0.3333333333 0
0.6666666667 0 1 0
*
0 0 1 0
*
4
-- CANTOR SET: 6 iterations --
0 0 0.3333333333 0
0.6666666667 0 1 0
*
0 0 1 0
*
6
