-- France --
1820 190 31250 31460 31685 31905 32127 32350 32538 32727 32917 33108 33300 33439 33598 33718 33859 34000 34178 34357 34537 34718 34900 35059 35218 35378 35539 35700 35829 35959 36089 36219 36350 36479 36609 36739 36869 37000 37060 37120 37180 37240 37300 37390 37520 37710 37860 38020 38080 38230 38330 38890 38440 37731 37679 37887 38044 38221 38398 38576 38763 38909 39045 39191 39337 39472 39629 39733 39858 39889 39920 40004 40014 39983 39993 40014 40056 40098 40192 40348 40473 40546 40598 40640 40713 40786 40859 40890 40942 40942 41046 41109 41224 41307 41359 41463 41476 40481 39884 39288 38542 38700 39000 39240 39420 39880 40310 40610 40870 40940 41050 41230 41610 41860 41860 41890 41950 41940 41910 41930 41960 41900 41000 39600 39400 39000 38900 39700 40290 40680 41110 41480 42518 42862 43184 43495 43822 44218 44657 45152 45654 46129 46584 47128 48089 48799 49357 49802 50254 50650 51034 51470 51918 52432 52894 53333 53690 53955 54159 54378 54602 54836 55110 55399 55697 55929 56246 56490 56725 56989 57255 57821 58168 58514 58859 59169 59445 59712 59981 60254 60535 60824 61137 61479 61829 62171 62534 62912 63293 63682 64058 64420
1.5 10
1.2 10
1.0 10
0.8 10
0.7 10
0.6 20
0.5 20
*
-- Germany --
1820 190 24905 25260 25620 25969 26307 26650 26964 27249 27540 27807 28045 28283 28535 28801 29071 29390 29702 30013 30365 30746 31126 31475 31787 32086 32394 32743 33059 33231 33289 33452 33746 34055 34290 34422 34531 34586 34715 34979 35278 35633 36049 36435 36788 37184 37602 37955 38193 38440 38637 38914 39231 39456 39691 40017 40450 40897 41491 42034 42546 43052 43500 43827 44112 44404 44777 45084 45505 46001 46538 47083 47607 48129 48633 49123 49703 50363 51111 51921 52753 53592 54388 55214 56104 56963 57806 58644 59481 60341 61187 62038 62884 63852 64457 65058 66096 66230 66076 65763 65237 60547 60894 61573 61900 62307 62697 63166 63630 64023 64393 64739 65084 65423 65716 66027 66409 66871 67349 67831 68558 69286 69835 70244 70834 70411 69865 67000 64678 66094 67295 67991 68375 68876 69146 69550 69868 70196 70603 71019 71488 72014 72481 73123 73739 74340 74954 75639 76206 76368 76584 77144 77783 78355 78717 78950 78966 78682 78299 78161 78066 78081 78298 78402 78335 78122 77855 77685 77713 77718 78031 78645 79380 79984 80598 81132 81414 81654 81891 82011 82024 82075 82188 82281 82351 82398 82425 82431 82422 82401 82370 82330
1.5 10
1.2 10
1.0 10
0.8 10
0.7 10
0.6 20
0.5 20
*