-- BOX ---
4 14 1
X 4 2 1 2 2 11 2 11 1
-- BOX WITH EARS ---
6 14 1
X 8 2 1 2 4 3 4 3 2 10 2 10 4 11 4 11 1
-- BOX WITH EYES ---
6 14 3
X 4 2 1 2 4 11 4 11 1
+ 4 4 2 4 3 5 3 5 2
+ 4 8 2 8 3 9 3 9 2
-- BOX WITH EARS, EYES, AND NOSE ---
9 14 3
X 8 2 1 2 7 4 7 4 5 9 5 9 7 11 7 11 1
+ 4 4 3 4 4 9 4 9 3
* 4 6 0 6 4 7 4 7 0
-- ALL BOX --
2 4 1
X 4 0 1 3 1 3 0 0 0
-- TWO FILL AREA BOX --
6 14 1
X 8 2 1 2 4 5 4 5 2 8 2 8 4 11 4 11 1
-- BOX WITH HOLE --
8 14 1
X 10 2 1 2 6 11 6 11 5 5 5 5 2 8 2 8 4 11 4 11 1
-- BOX WITH NOTCHES --
8 14 1
X 8 7 4 7 1 2 1 2 3 6 3 6 6 11 6 11 4
-- MONSTER --
12 21 7
Y 8 0 11 1 11 1 9 19 9 19 11 20 11 20 8 0 8
X 8 18 8 18 7 16 7 16 6 4 6 4 7 2 7 2 8
W 8 6 0 6 1 5 1 5 5 15 5 15 1 14 1 14 0
+ 4 5 7 5 8 6 8 6 7
+ 4 16 8 16 7 15 7 15 8
* 4 9 4 9 5 11 5 11 4
- 4 7 1 7 2 13 2 13 1